305.8916 151.3803 -44.56174 -168.9034 3.717834 82.80354 5
293.3001 100.0327 -40.59389 -168.9034 3.717839 82.80352 5
295.0125 36.86337 -38.03383 -168.9034 3.717834 82.80352 5
293.8609 -8.578377 -38.75278 -167.8003 -0.8835770 82.96897 5
298.9806 -54.97589 -38.03276 -167.8003 -0.8835758 82.96896 5
304.6762 -109.1859 -40.84855 -167.6840 -1.825876 82.96821 5
313.6354 -156.7367 -45.45618 -167.5703 -2.746253 82.96164 5
245.6028 144.3840 -35.34421 -168.6680 6.128734 82.92912 5
239.3314 36.31976 -30.38220 -168.6680 6.128726 82.92910 5
232.6120 33.91867 -27.85591 -167.7693 4.797445 87.57368 5
231.5240 -11.26514 -27.98793 -167.7693 4.797445 87.57368 5
231.5242 -54.14465 -27.66342 -167.6413 1.775185 87.58105 5
238.3081 -100.8023 -30.69582 -166.9532 -5.569039 83.42712 5
242.4039 -145.4743 -33.67577 -166.8005 -6.885036 83.41049 5
197.4744 139.6462 -28.49835 -167.5563 3.5580053 83.47739 5
189.7952 91.38939 -22.54073 -166.9228 4.896459 84.81850 5
183.5235 32.57251 -19.40473 -166.9228 4.896459 84.81850 5
183.5235 -8.515284 -18.38038 -166.5820 1.136161 84.83651 5
185.7632 -49.28282 -20.43220 -166.4787 -0.007352558 84.83755 5
192.6110 -97.34824 -23.62780 -166.2481 -2.558236 84.83240 5
196.6428 -139.9089 -26.76353 -166.1625 -3.503808 84.82787 5
154.9131 134.4005 -22.22451 -170.5745 6.613105 82.00574 5
148.6448 86.46306 -16.52767 -165.6704 7.233192 83.04518 5
140.1376 29.95049 -10.86263 -163.0134 4.565387 83.03014 5
135.9881 -6.589856 -7.431642 -158.9406 0.612785 86.21492 5
140.0212 -48.63752 -10.49941 -160.9897 0.4768812 86.19540 5
144.0529 -35.80679 -15.74741 -160.9897 0.4768755 86.19541 5
155.8926 -134.8479 -20.92998 -165.4093 -3.744027 86.48227 5